360.4142150878906 278.4929504394531
126.5814208984375 211.63259887695312
111.36981964111328 203.36981201171875
370.9425354003906 403.0405578613281
133.83175659179688 126.25064086914062
456.0597839355469 321.5476989746094
324.4869689941406 326.5130310058594
404.2351379394531 285.47650146484375
454.28485107421875 322.4891357421875
273.4341125488281 260.4168701171875
127.53245544433594 242.58062744140625
281.12725830078125 273.0808410644531
121.5 257.46502685546875
284.359375 254.20269775390625
342.6052551269531 272.66314697265625
373.3103332519531 278.63177490234375
260.2079772949219 261.385986328125
374.11273193359375 271.8043518066406
372.5 283.8299255371094
351.51373291015625 384.48858642578125
368.5 301.727294921875
427.4615478515625 338.64337158203125
476.42657470703125 346.86669921875
265.35125732421875 262.38641357421875
439.267578125 291.5
453.58148193359375 399.5
360.2135314941406 344.78643798828125
351.43389892578125 311.43389892578125
447.5 321.625
286.97906494140625 264.09613037109375
283.7138366699219 247.873046875
337.6346130371094 358.3653869628906
127.43689727783203 225.35333251953125
418.070556640625 342.82257080078125
345.2818908691406 250.9291534423828
279.70819091796875 231.03024291992188
269.4356994628906 225.63613891601562
412.7891540527344 358.2108459472656
425.30584716796875 246.88851928710938
100.47565460205078 274.47564697265625
112.36872100830078 298.4832458496094
352.8756103515625 382.00726318359375
235.4403076171875 257.4261474609375
521.3333129882812 227.33334350585938
255.2567138671875 236.87196350097656
288.65911865234375 249.81961059570312
123.41666412353516 234.5833282470703