384.9171447753906 260.9171447753906
181.45364379882812 177.45364379882812
167.2134246826172 169.21343994140625
379.79998779296875 392.1000061035156
213.62936401367188 102.8609619140625
455.81903076171875 308.9861755371094
346.5 297.5
418.56829833984375 272.92254638671875
452.7059020996094 306.5
314.5008850097656 234.42758178710938
178.54913330078125 203.5755615234375
319.337158203125 246.1520233154297
170.47605895996094 217.2078857421875
323.5000305175781 230.32232666015625
443.7731018066406 328.7731018066406
394.17974853515625 263.4710388183594
303.5086975097656 232.49710083007812
394.97271728515625 258.04071044921875
393.52154541015625 266.47845458984375
353.5716857910156 356.4283142089844
389.4745788574219 277.12078857421875
430.66485595703125 319.41607666015625
465.4508972167969 336.5255126953125
307.8514709472656 234.12042236328125
445.29998779296875 281.29998779296875
437.4804382324219 378.48040771484375
371.0372314453125 318.8824462890625
370.87066650390625 286.8206787109375
449.261474609375 307.38543701171875
330. 258.
322.3823547363281 225.46324157714844
347.5 330.5
179.8948211669922 188.01943969726562
422.2689208984375 321.83856201171875
371.75 242.32894897460938
322.48126220703125 216.60049438476562
314.4253234863281 210.4742431640625
413.5 337.5
437.1424255371094 245.83282470703125
149.37005615234375 227.0340118408203
163.25999450683594 244.89999389648438
354.5111083984375 352.5111083984375
282.9317626953125 222.38995361328125
491.1001281738281 242.40087890625
304.647705078125 214.36154174804688
326.70001220703125 228.65554809570312
174.53334045410156 195.75302124023438